,city,country,date,lat,lng,temp,humidity,cloudiness,wind
0,Arraial do Cabo,BR,1545843600,-22.97,-42.02,78.8,69,75,200.0
1,Hasaki,JP,1545845400,35.73,140.83,41.0,75,75,330.0
2,Xining,CN,1545847078,36.62,101.77,-2.01,52,56,305.5
3,Valdivia,CL,1545843600,-39.81,-73.25,68.0,68,75,300.0
4,Ribeira Grande,PT,1545843600,38.52,-28.7,64.4,77,40,230.0
5,Kodiak,US,1545844500,39.95,-94.76,39.92,100,90,110.0
6,Ushuaia,AR,1545843600,-54.81,-68.31,55.4,54,90,230.0
7,Mataura,NZ,1545847079,-46.19,168.86,49.92,74,68,287.0
8,Punta Arenas,CL,1545843600,-53.16,-70.91,59.0,50,40,260.0
9,Kavieng,PG,1545847079,-2.57,150.8,83.54,100,56,301.5
10,Necochea,AR,1545846959,-38.55,-58.74,90.87,48,8,75.0001
11,Shelburne,CA,1545844980,44.08,-80.2,33.8,80,90,280.0
12,Qaanaaq,GL,1545847080,77.48,-69.36,-20.69,87,0,94.0001
13,Amapa,HN,1545843600,15.09,-87.97,80.6,74,75,90.0
14,Saint-Philippe,CA,1545845700,45.36,-73.48,23.9,67,90,220.0
15,Jamestown,AU,1545847080,-33.21,138.6,65.13,56,0,104.0
16,Vestmannaeyjar,IS,1545844260,63.44,-20.27,44.6,100,75,220.0
17,Hamilton,CA,1545845100,43.26,-79.87,35.6,80,90,250.0
18,Rikitea,PF,1545847081,-23.12,-134.97,79.35,96,80,69.5001
19,Bathsheba,BB,1545843600,13.22,-59.52,84.2,66,20,100.0
20,Nueve de Julio,AR,1545847081,-31.67,-68.39,98.52,31,8,12.0001
21,Hobart,AU,1545845400,-42.88,147.33,59.0,72,75,350.0
22,Port Elizabeth,US,1545846840,39.31,-74.98,42.98,46,1,280.0
23,Cape Town,ZA,1545843600,-33.93,18.42,71.6,68,75,290.0
24,Esperance,TT,1545843600,10.24,-61.45,84.2,66,40,120.0
25,Hithadhoo,MV,1545847082,-0.6,73.08,81.87,100,0,284.0
26,Bara,NG,1545847082,10.41,10.6,76.38,29,12,17.0001
27,Longyearbyen,NO,1545843000,78.22,15.63,6.8,65,75,40.0
28,Cabo San Lucas,MX,1545842640,22.89,-109.91,68.0,56,5,300.0
29,Sao Sebastiao,BR,1545847082,-3.15,-58.36,84.44,76,36,65.5001
30,Moose Factory,CA,1545844440,51.26,-80.61,3.2,84,90,260.0
31,Port Alfred,ZA,1545847083,-33.59,26.89,73.5,86,20,159.0
32,Matara,PE,1545843600,-13.74,-72.9,57.2,50,75,350.0
33,Coahuayana,MX,1545847083,18.62,-100.35,79.22,41,0,262.5
34,Nikolskoye,RU,1545845400,59.7,30.79,30.2,92,75,300.0
35,Chuy,UY,1545847084,-33.69,-53.46,78.45,76,0,72.0001
36,Kieta,PG,1545847084,-6.22,155.63,78.09,100,64,213.0
37,Karratha,AU,1545847084,-20.74,116.85,84.3,45,0,245.5
38,Kruisfontein,ZA,1545847084,-34.0,24.73,69.14,82,0,271.5
39,Buraydah,SA,1545843600,26.33,43.97,62.6,59,0,150.0
40,Albany,US,1545844560,42.65,-73.75,32.0,55,90,190.0
41,Petropavlovsk-Kamchatskiy,RU,1545843600,53.05,158.65,21.2,100,75,50.0
42,Marovoay,MG,1545843600,-16.11,46.64,82.4,83,20,280.0
43,Nicoya,CR,1545843600,10.15,-85.45,89.6,46,0,70.0
44,Progreso,UY,1545843600,-34.68,-56.22,82.4,58,20,130.0
45,Vaini,IN,1545847085,15.34,74.49,68.19,88,8,234.0
46,Souillac,FR,1545845400,45.6,-0.6,42.8,81,0,40.0
47,Gospic,HR,1545847086,44.55,15.37,29.04,91,0,288.0
48,Oistins,BB,1545843600,13.07,-59.53,84.2,66,20,100.0
49,Ryazanovskiy,RU,1545847086,55.55,39.43,18.78,91,92,102.5
50,Thompson,CA,1545844260,55.74,-97.86,1.4,84,90,170.0
51,Mar del Plata,AR,1545847086,-46.43,-67.52,77.06,35,32,22.5001
52,Micheweni,TZ,1545847086,-4.97,39.83,82.86,99,0,48.5001
53,Birao,CF,1545847087,10.3,22.78,79.08,31,0,78.0001
54,Husavik,CA,1545847087,50.56,-96.99,1.19,91,56,171.5
55,Saskylakh,RU,1545847087,71.97,114.09,-6.65,75,76,281.0
56,Gat,SN,1545847087,14.69,-16.54,89.79,19,0,89.0001
57,Malmesbury,GB,1545844800,51.58,-2.1,48.2,100,90,170.0
58,Komsomolskiy,RU,1545847088,67.55,63.78,3.62,81,80,194.5
59,Bredasdorp,ZA,1545843600,-34.53,20.04,73.4,64,56,300.0
60,Zhezkazgan,KZ,1545847088,47.8,67.71,-6.78,58,0,97.0001
61,Atikokan,CA,1545847050,48.76,-91.62,12.3,66,0,89.5001
62,Ponta do Sol,BR,1545847088,-20.63,-46.0,77.24,80,92,274.5
63,Busselton,AU,1545847088,-33.64,115.35,62.66,100,20,236.0
64,Half Moon Bay,US,1545843360,37.46,-122.43,50.0,76,75,100.0
65,Guilin,CN,1545843600,25.28,110.29,48.2,76,90,40.0
66,Chokurdakh,RU,1545847089,70.62,147.9,-13.8,65,76,238.5
67,Synya,RU,1545847089,65.37,58.04,13.83,80,68,193.0
68,Sisophon,KH,1545847089,13.59,102.97,80.12,51,64,12.5001
69,Port Moresby,PG,1545843600,-9.47,147.16,78.8,94,40,360.0
70,Hami,CN,1545847090,42.84,93.51,3.48,52,44,265.5
71,New Norfolk,AU,1545845400,-42.78,147.06,59.0,72,75,350.0
72,Geraldton,CA,1545843600,49.72,-86.95,6.8,77,90,320.0
73,Hermanus,ZA,1545847090,-34.42,19.24,66.48,77,88,262.0
74,Severo-Kurilsk,RU,1545847091,50.68,156.12,28.05,100,12,190.0
75,Lebyazhye,RU,1545845400,59.96,29.42,30.2,92,75,300.0
76,Vezirkopru,TR,1545844800,41.14,35.45,28.4,92,75,330.0
77,Sampit,ID,1545847091,-2.54,112.95,73.95,92,76,342.0
78,Belleville,CA,1545844200,44.16,-77.39,32.0,79,90,210.0
79,Glendive,US,1545845940,47.11,-104.71,17.6,92,90,70.0
80,Qinzhou,CN,1545847092,21.96,108.62,55.37,100,100,12.5001
81,Boca do Acre,BR,1545847092,-8.76,-67.39,81.69,80,80,1.00012
82,Jinchang,CN,1545847092,38.52,102.19,3.93,100,68,15.0001
83,Singaraja,ID,1545847092,-8.11,115.08,72.24,100,76,248.0
84,Castro,CL,1545843600,-42.48,-73.76,66.2,39,75,120.0
85,Labuhan,ID,1545847093,-2.54,115.51,73.59,91,36,254.5
86,Dingle,PH,1545847093,11.0,122.67,67.61,94,8,356.5
87,Valleyview,CA,1545847093,55.07,-117.28,1.37,66,76,73.5001
88,Walvis Bay,NA,1545843600,-22.95,14.51,71.6,68,12,250.0
89,Pevek,RU,1545847093,69.7,170.27,-15.65,94,36,247.5
90,Ponta Delgada,PT,1545843600,37.73,-25.67,62.6,82,20,200.0
91,Narsaq,GL,1545847094,60.91,-46.05,20.09,89,80,31.0001
92,Butaritari,KI,1545847094,3.07,172.79,80.12,100,88,105.0
93,Egvekinot,RU,1545847094,66.32,-179.17,-16.23,69,64,354.5
94,Beloha,MG,1545847094,-25.17,45.06,74.22,63,0,129.5
95,Pangai,TO,1545843600,-19.8,-174.35,78.8,94,40,90.0
96,Kreminna,UA,1545847095,49.05,38.22,23.69,93,80,227.0
97,Tuktoyaktuk,CA,1545843600,69.44,-133.03,-23.81,74,5,110.0
98,Tasiilaq,GL,1545843000,65.61,-37.64,30.2,92,88,270.0
99,Hofn,IS,1545847095,64.25,-15.21,44.66,96,92,173.5
100,Georgetown,GY,1545843600,6.8,-58.16,84.2,66,75,30.0
101,Itarema,BR,1545847096,-2.92,-39.92,88.67,55,12,75.0001
102,Les Cayes,HT,1545847096,18.19,-73.75,81.47,95,20,108.5
103,Cairns,AU,1545845400,-16.92,145.77,77.0,94,90,160.0
104,Taltal,CL,1545847096,-25.41,-70.49,70.94,72,0,231.5
105,Barquisimeto,VE,1545843600,10.07,-69.32,82.4,51,40,90.0
106,Palmer,AU,1545845400,-34.85,139.16,68.0,52,0,110.0
107,Leningradskiy,RU,1545847097,69.38,178.42,-10.47,91,32,293.5
108,Tura,IN,1545847097,25.52,90.21,51.18,83,0,248.5
109,Svetlogorsk,RU,1545845400,53.14,59.15,-9.41,76,20,150.0
110,Bluff,AU,1545847097,-23.58,149.07,67.07,78,0,92.0001
111,Fortuna,ES,1545845400,38.18,-1.13,55.4,81,0,192.0
112,Gayny,RU,1545847098,60.3,54.33,12.66,72,68,152.0
113,Barra do Garcas,BR,1545847098,-15.89,-52.26,84.75,94,12,340.0
114,Kapaa,US,1545843360,22.08,-159.32,71.96,90,90,250.0
115,Sayyan,YE,1545847098,15.17,44.32,36.47,64,0,75.0001
116,Boueni,YT,1545845400,-12.9,45.08,84.2,79,0,270.0
117,Zhigansk,RU,1545847098,66.77,123.37,-23.57,36,88,149.5
118,Poso,ID,1545847099,-1.4,120.75,80.79,100,76,145.5
119,Airai,TL,1545847099,-8.93,125.41,71.39,90,80,259.0
120,Okhotsk,RU,1545847099,59.36,143.24,5.82,100,76,17.0001
121,Atuona,PF,1545847099,-9.8,-139.03,81.56,100,92,92.0001
122,Banjarmasin,ID,1545843600,-3.32,114.59,77.0,94,90,150.0
123,Barrow,AR,1545847099,-38.31,-60.23,94.56,35,12,55.5001
124,Lagos,NG,1545846898,6.46,3.39,85.65,56,0,186.5
125,Camacupa,AO,1545847100,-12.02,17.48,70.94,76,44,3.00012
126,Saint-Francois,FR,1545845400,46.42,3.91,32.0,88,12,60.0
127,Pimentel,BR,1545847100,-3.7,-45.5,87.45,66,48,60.0001
128,Pa Sang,TH,1545845400,18.53,98.94,62.6,88,20,319.5
129,Oros,HU,1545844500,47.95,21.8,32.0,84,0,170.0
130,Coihaique,CL,1545843600,-45.58,-72.07,71.6,30,0,200.0
131,Kantang,TH,1545847101,7.42,99.52,76.2,100,48,102.5
132,Kurilsk,RU,1545847101,45.23,147.88,30.03,100,80,248.0
133,Torbay,CA,1545846300,47.66,-52.73,26.6,68,75,290.0
134,Havelock,US,1545843480,34.88,-76.9,53.06,58,1,30.0
135,Puerto Carreno,CO,1545843600,6.19,-67.49,89.6,52,20,50.0
136,Kampong Chhnang,KH,1545847102,12.25,104.67,74.27,91,92,197.0
137,Vardo,US,1545844800,39.62,-77.74,41.0,57,1,210.0
138,Upernavik,GL,1545847102,72.79,-56.15,10.68,100,0,353.0
139,Mizdah,LY,1545847102,31.45,12.98,49.83,77,56,7.50012
140,Iracoubo,GF,1545847102,5.48,-53.21,73.59,99,80,88.5001
141,Cuiaba,BR,1545843600,-15.6,-56.1,89.6,52,40,300.0
142,Praia da Vitoria,PT,1545843600,38.73,-27.07,66.2,88,75,204.0
143,Nome,US,1545846780,30.04,-94.42,69.08,75,90,120.0
144,Anadyr,RU,1545843600,64.73,177.51,-18.41,75,40,360.0
145,Maldonado,UY,1545843600,-34.91,-54.96,84.2,51,20,60.0
146,Merauke,ID,1545847103,-8.49,140.4,78.77,100,92,343.5
147,Puerto Ayora,EC,1545843600,-0.74,-90.35,86.0,62,20,140.0
148,Dikson,RU,1545847103,73.51,80.55,9.51,98,68,201.5
149,Sinop,TR,1545847104,42.03,35.15,43.49,100,92,275.0
150,Khatanga,RU,1545847104,71.98,102.47,-2.6,75,80,254.0
151,Avarua,CK,1545843600,-21.21,-159.78,77.0,78,20,120.0
152,Alyangula,AU,1545843600,-13.85,136.42,80.6,94,76,90.0
153,Jalcocotan,MX,1545847105,21.48,-105.1,77.24,43,0,315.0
154,Sinnamary,GF,1545847105,5.38,-52.96,75.48,100,48,71.0001
155,Buxar,IN,1545847105,25.57,83.97,47.67,87,0,284.5
156,Richards Bay,ZA,1545847105,-28.77,32.06,82.95,73,8,61.5001
157,Cherskiy,RU,1545847105,68.75,161.3,-23.52,35,56,168.0
158,Fairbanks,US,1545843480,64.84,-147.72,-7.07,78,40,25.0001
159,Saint-Orens-de-Gameville,FR,1545845400,43.56,1.54,48.2,81,20,150.0
160,Neryungri,RU,1545847106,56.66,124.71,-23.88,32,24,346.5
161,Alice Springs,AU,1545845400,-23.7,133.88,77.0,22,0,90.5001
162,Nelson Bay,AU,1545845400,-32.72,152.14,66.2,82,0,20.0
163,Burns Lake,CA,1545847106,54.23,-125.76,10.19,91,80,246.5
164,Lebu,ET,1545843600,8.96,38.73,60.8,38,40,70.0
165,Sao Joao da Barra,BR,1545843600,-21.64,-41.05,82.4,61,75,220.0
166,Eureka,US,1545845700,40.8,-124.16,44.06,100,75,110.0
167,Garowe,SO,1545847107,8.41,48.48,72.78,43,0,93.5001
168,Nanortalik,GL,1545847107,60.14,-45.24,28.05,86,44,73.5001
169,Shar,NG,1545847107,7.3,8.73,83.27,33,20,17.0001
170,Chimbote,PE,1545847108,-9.08,-78.59,74.67,74,0,198.5
171,Ilulissat,GL,1545843000,69.22,-51.1,10.4,72,80,140.0
172,Clyde River,CA,1545843600,70.47,-68.59,-16.61,82,1,310.0
173,Omboue,GA,1545847108,-1.57,9.26,79.04,100,64,198.5
174,Umm Kaddadah,SD,1545847108,13.6,26.69,67.61,40,12,24.5001
175,Vagur,FO,1545847108,61.47,-6.81,47.22,96,80,218.0
176,Krasnyy Chikoy,RU,1545847109,50.36,108.75,-27.48,39,8,238.5
177,Hilo,US,1545845580,19.71,-155.08,66.92,93,90,230.0
178,Zeya,RU,1545847109,53.74,127.27,-3.63,49,0,353.5
179,Haines Junction,CA,1545847109,60.75,-137.51,-11.1,65,76,25.0001
180,San Cristobal,EC,1545843600,-0.39,-78.55,75.2,29,40,300.0
181,Minsk,BY,1545845400,53.9,27.56,33.8,92,75,310.0
182,Ust-Maya,RU,1545847110,60.42,134.54,-32.52,0,36,333.5
183,San Andres,PH,1545847009,13.32,122.68,79.44,100,44,353.0
184,Pendleton,US,1545846900,34.65,-82.78,55.76,45,1,140.0
185,Atar,MR,1545847111,20.52,-13.05,78.0,10,32,91.5001
186,Makakilo City,US,1545843960,21.35,-158.09,71.96,90,20,92.5001
187,Isiro,CD,1545847111,2.77,27.62,71.43,96,12,9.50012
188,Muros,ES,1545845400,42.77,-9.06,53.6,81,20,175.5
189,Whittlesea,AU,1545845400,-37.51,145.12,60.8,87,0,360.0
190,East London,ZA,1545843600,-33.02,27.91,75.2,83,75,70.0
191,Green Bay,US,1545846300,44.51,-88.01,35.06,56,40,40.0
192,Port Hardy,CA,1545843600,50.7,-127.42,37.4,93,90,170.0
193,Puro,PH,1545847112,13.13,123.76,74.58,100,92,2.00012
194,Turan,RU,1545847112,52.15,93.92,-37.7,0,0,137.5
195,Kayerkan,RU,1545847112,69.35,87.76,-3.27,77,80,178.0
196,Sept-Iles,CA,1545843600,50.2,-66.38,12.2,39,75,270.0
197,Pacifica,US,1545846000,37.61,-122.49,53.6,71,1,350.0
198,Katsuura,JP,1545843600,33.93,134.5,50.0,66,75,320.0
199,Foumbot,CM,1545847113,5.51,10.64,79.89,43,56,157.5
200,Grindavik,IS,1545845400,63.84,-22.43,42.8,93,75,220.0
201,Zhanaozen,KZ,1545847114,43.35,52.85,40.47,94,76,204.0
202,Yeppoon,AU,1545845400,-23.13,150.74,69.8,77,76,120.0
203,Vostok,RU,1545847114,46.45,135.83,-5.75,53,36,277.5
204,Yellowknife,CA,1545843600,62.45,-114.38,-16.61,75,40,30.0
205,Yerofey Pavlovich,RU,1545847114,53.97,121.97,-10.7,17,0,358.0
206,Farah,AF,1545847114,32.37,62.11,33.54,85,0,30.5001
207,Bubaque,GW,1545847115,11.28,-15.83,85.29,86,12,222.5
208,Adrar,DZ,1545843600,27.87,-0.29,71.6,34,0,20.0
209,Sao Miguel do Araguaia,BR,1545847115,-13.28,-50.16,87.99,78,20,325.0
210,Hay River,CA,1545843600,60.82,-115.79,-5.81,83,90,338.0
211,Provideniya,RU,1545847115,64.42,-173.23,3.93,100,64,6.50012
212,Kyren,RU,1545847116,51.68,102.13,-29.87,42,0,229.0
213,Camacha,PT,1545843600,33.08,-16.33,66.2,77,20,120.0
214,Belyy Yar,RU,1545845400,53.6,91.39,-20.21,75,12,201.0
215,Presidente Medici,BR,1545847116,-11.18,-61.9,89.7,62,8,305.5
216,Ayolas,PY,1545847116,-27.39,-56.84,88.76,87,24,39.5001
217,Popova,RS,1545843600,43.33,21.27,35.6,93,75,90.0
218,Sumenep,ID,1545847117,-7.02,113.87,82.5,100,64,220.5
219,Bandundu,CD,1545847117,-3.32,17.38,73.37,98,48,209.0
220,Carnarvon,ZA,1545847117,-30.97,22.13,80.43,24,0,250.5
221,Bethel,US,1545843360,60.79,-161.76,8.06,86,90,10.0
222,Calvia,ES,1545845400,39.57,2.51,51.8,100,20,80.0
223,Las Vegas,US,1545844500,36.17,-115.15,51.98,29,1,340.0
224,Toba,JP,1545843600,34.47,136.83,51.8,66,75,330.0
225,Laguna,MX,1545842520,27.52,-110.01,66.2,48,5,260.0
226,Kenai,US,1545843360,60.55,-151.26,30.02,71,90,20.0
227,Chingola,ZM,1545847118,-12.55,27.86,66.89,89,64,11.0001
228,Moron,VE,1545847119,10.49,-68.2,84.21,42,0,102.5
229,Inirida,CO,1545847119,3.87,-67.92,81.06,85,24,274.5
230,Aranos,NA,1545847119,-24.14,19.11,88.22,17,68,173.5
231,Cidreira,BR,1545847119,-30.17,-50.22,79.8,77,24,66.0001
232,Cayenne,GF,1545845400,4.94,-52.33,80.6,88,80,70.0
233,Margate,AU,1545845400,-43.03,147.26,59.0,72,75,350.0
234,Pauini,BR,1545847120,-7.71,-67.0,72.51,100,92,7.50012
235,Dauphin,CA,1545843600,51.15,-100.04,1.4,91,90,189.5
236,Wajima,JP,1545847120,37.4,136.9,47.22,94,92,286.5
237,Aden,YE,1545847063,12.79,45.03,78.86,94,0,95.5001
238,Talnakh,RU,1545847120,69.49,88.39,-5.12,69,80,171.5
239,Tiznit,MA,1545847120,29.7,-9.73,62.16,59,0,282.0
240,Flinders,AU,1545847120,-34.58,150.85,65.72,84,0,354.0
241,Batticaloa,LK,1545847121,7.71,81.69,77.37,100,92,37.5001
242,Acajutla,SV,1545843000,13.59,-89.83,82.4,42,0,310.0
243,Madang,PG,1545847121,-5.21,145.81,74.58,100,92,225.0
244,Sauda,NO,1545844800,59.65,6.35,44.6,93,75,130.0
245,Gazanjyk,TM,1545847121,39.24,55.52,31.38,72,0,152.0
246,Nerchinskiy Zavod,RU,1545847121,51.31,119.61,-13.62,58,0,350.5
247,Amqui,CA,1545843600,48.47,-67.43,15.8,61,75,280.0
248,Sao Jose da Coroa Grande,BR,1545847122,-8.9,-35.15,83.81,69,8,90.0001
249,Honiara,SB,1545847122,-9.43,159.96,72.24,100,8,263.0
250,Kiunga,PG,1545847122,-6.12,141.3,72.6,99,100,29.5001
251,Omsukchan,RU,1545847122,62.53,155.8,-28.74,42,44,322.0
252,Zangakatun,AM,1545847122,39.82,45.04,28.46,88,48,124.5
253,Samana,EC,1545843600,0.12,-76.97,86.0,62,75,350.0
254,Banda Aceh,ID,1545846902,5.56,95.32,76.97,92,80,15.5001
255,Sooke,CA,1545844200,48.37,-123.73,42.8,85,40,240.0
256,Chernyshevskiy,RU,1545847123,63.01,112.47,-23.52,34,48,226.0
257,Ixtapa,MX,1545842820,20.71,-105.21,78.8,54,75,294.0
258,Beringovskiy,RU,1545847124,63.05,179.32,-8.27,100,32,333.5
259,Ahtopol,BG,1545845400,42.1,27.94,30.2,68,0,230.0
260,Soderhamn,SE,1545847124,61.3,17.06,33.27,93,92,218.0
261,Sable-sur-Sarthe,FR,1545845400,47.84,-0.33,33.8,74,56,110.0
262,Mareeba,AU,1545845400,-16.99,145.42,77.0,94,90,160.0
263,Kaitangata,NZ,1545847124,-46.28,169.85,49.79,70,0,273.5
264,Pundaguitan,PH,1545847124,6.37,126.17,79.67,100,68,310.0
265,Chekhov,RU,1545845400,55.14,37.45,19.4,92,90,149.0
266,Puerto Quijarro,BO,1545843600,-19.0,-57.72,87.8,78,40,270.0
267,Chapais,CA,1545845460,49.78,-74.86,1.4,84,90,290.0
268,Kerema,PG,1545847125,-7.96,145.78,73.14,97,12,23.5001
269,Guiratinga,BR,1545847125,-16.35,-53.76,84.66,83,44,281.5
270,Taywarah,AF,1545847126,33.35,64.42,4.16,60,0,339.0
271,Tupik,RU,1545847126,54.43,119.94,-25.77,36,0,308.5
272,Yulara,AU,1545843600,-25.24,130.99,77.0,14,0,180.0
273,Mbala,ZM,1545847126,-8.85,31.37,65.4,91,88,294.5
274,Dunedin,NZ,1545847016,-45.87,170.5,41.64,88,0,324.5
275,Segovia,ES,1545845400,40.95,-4.12,46.4,81,0,20.0
276,Anori,BR,1545847127,-3.74,-61.66,85.38,74,24,58.5001
277,Pitimbu,BR,1545843600,-7.47,-34.81,86.0,51,75,90.0
278,Lalin,CN,1545843600,45.23,126.86,-9.41,57,0,260.0
279,Luderitz,NA,1545847127,-26.65,15.16,65.81,83,36,186.5
280,Guerrero Negro,MX,1545847127,27.97,-114.04,62.61,79,0,338.5
281,Baykit,RU,1545847127,61.68,96.39,-9.39,66,88,291.0
282,Mount Gambier,AU,1545843600,-37.83,140.78,53.6,100,44,136.5
283,Antofagasta,CL,1545843600,-23.65,-70.4,68.0,64,40,200.0
284,Gillette,US,1545845340,44.29,-105.5,26.06,88,90,320.0
285,Lompoc,US,1545845700,34.64,-120.46,57.02,66,1,349.5
286,Matamoros,US,1545846780,25.87,-97.51,75.02,93,90,150.0
287,Vestmanna,FO,1545844800,62.16,-7.17,46.4,87,88,230.0
288,Nouakchott,MR,1545846971,18.08,-15.98,73.91,81,76,341.5
289,Williams Lake,CA,1545843840,52.13,-122.14,24.8,85,90,120.0
290,Buala,SB,1545847129,-8.15,159.59,78.27,100,20,254.0
291,Puerto Madryn,AR,1545847129,-42.77,-65.04,67.34,66,32,45.5001
292,Yaan,NG,1545847129,7.38,8.57,82.91,39,8,12.5001
293,Great Falls,US,1545845400,47.5,-111.29,23.0,92,90,230.0
294,Sao Filipe,CV,1545847129,14.9,-24.5,75.26,90,68,44.5001
295,Soyo,AO,1545847129,-6.13,12.37,81.02,77,88,240.0
296,Grants,US,1545847130,35.15,-107.85,30.48,91,92,333.5
297,Worland,US,1545846180,44.02,-107.96,24.98,84,90,310.0
298,Kalamazoo,US,1545845940,42.29,-85.59,44.42,77,1,190.0
299,Tiksi,RU,1545847130,71.64,128.87,-15.65,70,56,243.0
300,Liaocheng,CN,1545847130,36.44,115.96,18.51,77,20,27.5001
301,Naze,NG,1545847130,5.43,7.07,87.36,46,24,287.5
302,Lavrentiya,RU,1545847131,65.58,-170.99,5.06,100,32,10.0001
303,Namatanai,PG,1545847131,-3.66,152.44,81.69,100,36,292.5
304,Maceio,BR,1545843600,-9.67,-35.74,86.0,51,40,110.0
305,Kikwit,CD,1545847131,-5.04,18.82,77.19,81,64,289.5
306,Partizanskoye,UA,1545847131,44.83,34.08,27.96,89,56,245.0
307,Tual,ID,1545847131,-5.67,132.75,79.71,100,56,279.5
308,Saint-Felicien,CA,1545845700,48.65,-72.45,5.0,77,75,60.0
309,Oshakati,NA,1545843600,-17.78,15.7,93.2,26,40,30.0
310,Cabedelo,BR,1545843600,-6.97,-34.84,86.0,51,75,90.0
311,Kloulklubed,PW,1545843000,7.04,134.26,78.8,88,90,230.0
312,Strezhevoy,RU,1545845400,60.73,77.6,-14.81,62,0,170.0
313,Bordighera,IT,1545843300,43.79,7.66,53.6,81,40,210.0
314,Shimoda,JP,1545847133,34.7,138.93,51.63,100,8,8.00012
315,Kahului,US,1545843360,20.89,-156.47,69.8,93,20,150.0
316,Igarka,RU,1545847133,67.47,86.57,-1.92,72,88,200.5
317,Ripky,UA,1545847133,51.8,31.09,33.27,92,88,311.0
318,Payo,ID,1545847134,-3.75,103.64,79.62,72,80,238.0
319,Acapulco,MX,1545842580,16.86,-99.88,86.0,51,5,238.0
320,Waipawa,NZ,1545847134,-39.94,176.59,54.47,97,76,81.5001
321,Westport,IE,1545843600,53.8,-9.52,48.2,93,75,200.0
322,Lorengau,PG,1545847134,-2.02,147.27,76.92,100,92,310.5
323,Providencia,CO,1545843600,1.24,-77.6,77.0,25,20,150.0
324,Kununurra,AU,1545845400,-15.77,128.74,84.2,79,40,10.0
325,Vao,EE,1545847135,59.1,26.19,31.83,88,76,356.5
326,Fallon,US,1545845940,46.84,-105.12,17.6,92,90,70.0
327,Huarmey,PE,1545847135,-10.07,-78.15,77.42,57,24,225.5
328,Saint George,GR,1545843000,39.45,22.34,35.6,74,20,155.5
329,Timbuktu,ML,1545847135,16.77,-3.01,71.7,19,0,53.0001
330,Lagoa,PT,1545843600,37.14,-8.45,59.0,82,0,100.0
331,Lasa,CY,1545845400,34.92,32.53,59.0,58,75,260.0
332,Goderich,CA,1545847136,43.74,-81.71,35.12,87,80,296.0
333,Faya,SA,1545843600,18.39,42.45,60.8,82,0,230.0
334,Methoni,GR,1545847136,36.82,21.7,52.62,100,20,17.5001
335,Codrington,AU,1545843600,-28.95,153.24,60.8,93,0,350.0
336,Te Anau,NZ,1545847137,-45.41,167.72,37.41,85,20,359.0
337,Muzhi,RU,1545847137,65.4,64.7,0.78,74,76,198.5
338,Russellville,US,1545844500,35.28,-93.13,51.8,100,90,100.0
339,Dunmore East,IE,1545843600,52.15,-6.99,50.0,93,75,250.0
340,Villa Alemana,CL,1545843600,-33.04,-71.37,82.4,72,0,270.0
341,Kamenka,RU,1545847138,53.19,44.05,24.18,93,76,199.5
342,Ambulu,ID,1545847138,-8.35,113.61,78.14,100,88,242.5
343,Lazaro Cardenas,MX,1545842580,28.39,-105.62,53.6,46,40,220.0
344,Praya,ID,1545845400,-8.71,116.27,78.8,88,40,350.0
345,Olinda,EC,1545843600,-2.03,-79.75,82.4,69,75,70.0
346,Muravlenko,RU,1545847139,63.79,74.5,-8.58,66,56,209.5
347,Sioux Lookout,CA,1545843600,50.1,-91.92,8.6,84,90,200.0
348,Mitsamiouli,KM,1545843600,-11.38,43.28,82.4,83,20,30.0
349,George,NG,1545847139,6.63,3.35,85.65,56,0,186.5
350,Abu Kamal,SY,1545847139,34.45,40.92,54.11,80,0,136.5
351,Langsa,ID,1545847140,4.47,97.97,68.24,97,92,228.5
352,Monticello,US,1545846900,45.31,-93.79,30.2,71,90,100.0
353,Tautira,PF,1545845400,-17.73,-149.15,77.0,83,75,70.0
354,Taoudenni,ML,1545847141,22.68,-3.98,67.34,27,0,46.5001
355,Jumla,NP,1545847141,29.28,82.18,-1.11,68,0,176.5
356,Kendari,ID,1545847141,-3.99,122.52,79.22,76,32,249.5
357,Innisfail,CA,1545845640,52.02,-113.95,14.0,92,90,170.0
358,Galesong,ID,1545845400,-5.32,119.37,75.2,100,20,100.0
359,Mahibadhoo,MV,1545847141,3.78,72.97,77.28,100,80,279.0
360,Japura,ID,1545847142,-0.42,102.29,77.28,60,20,319.5
361,Puerto Leguizamo,CO,1545847142,-0.19,-74.78,83.13,78,20,205.5
362,Citluk,RS,1545843600,43.59,21.27,37.4,93,75,90.0
363,Prince Rupert,CA,1545843600,54.32,-130.32,39.2,80,75,100.0
364,Bonavista,CA,1545847142,48.65,-53.11,23.82,100,32,280.5
365,Bressuire,FR,1545845400,46.84,-0.49,37.4,78,0,40.0
366,Sabha,LY,1545847143,27.03,14.43,56.54,66,48,31.5001
367,Ornskoldsvik,SE,1545844800,63.29,18.72,33.8,80,90,290.0
368,Port Lincoln,AU,1545847143,-34.72,135.86,63.29,89,20,80.0001
369,Bonthe,SL,1545847143,7.53,-12.5,89.25,53,76,261.5
370,Hampton,US,1545846900,42.74,-93.2,37.4,89,1,100.0
371,Phuket,TH,1545845400,7.89,98.4,78.8,74,20,280.0
372,Ancud,CL,1545843600,-41.87,-73.83,66.2,39,75,120.0
373,Goma,CD,1545847144,-1.67,29.23,67.52,73,88,98.0001
374,Klaksvik,FO,1545844800,62.23,-6.59,46.4,87,88,230.0
375,Yar-Sale,RU,1545847144,66.83,70.83,-1.02,81,56,215.5
376,Kirakira,SB,1545847145,-10.46,161.92,81.6,100,68,150.5
377,Sitka,US,1545847145,37.17,-99.65,54.33,99,92,150.0
378,Bani Walid,LY,1545847145,31.76,14.0,48.48,78,0,344.0
379,Suraabad,AZ,1545845400,40.82,49.47,44.6,87,40,330.0
380,Ayagoz,KZ,1545847145,47.96,80.43,-26.76,39,8,4.00012
381,Kavaratti,IN,1545847146,10.57,72.64,82.59,100,20,244.5
382,Yining,CN,1545847146,29.04,114.56,43.62,99,92,336.5
383,Kwinana,AU,1545845400,-32.25,115.77,62.6,100,0,200.0
384,Hambantota,LK,1545847146,6.12,81.12,76.83,100,32,357.5
385,Ntungamo,UG,1545847146,-0.87,30.27,63.78,94,12,97.0001
386,Belmonte,PT,1545847147,40.36,-7.35,39.93,93,0,128.5
387,Namibe,AO,1545847147,-15.19,12.15,73.77,100,36,212.0
388,Kedrovyy,RU,1545845400,56.17,91.82,-32.81,73,20,105.0
389,Hirado,JP,1545847147,33.32,129.49,50.64,100,68,343.0
390,Orlik,RU,1545847147,52.51,99.83,-40.53,0,0,231.0
391,Broken Hill,AU,1545843600,-31.97,141.45,86.0,32,36,30.0
392,Beyneu,KZ,1545847147,45.32,55.19,31.92,97,88,136.0
393,Piopio,CL,1545843600,-42.79,-73.57,66.2,59,40,60.0
394,Saeby,DK,1545847148,57.33,10.52,45.02,90,48,270.0
395,Valdez,US,1545847148,61.13,-146.35,15.41,95,48,22.5001
396,Bure,NG,1545847148,10.52,10.33,70.53,43,0,351.5
397,Sibolga,ID,1545847148,1.74,98.78,68.1,100,92,23.0001
398,Koratla,IN,1545847149,18.82,78.72,75.57,51,76,291.0
399,Rocha,UY,1545846966,-34.48,-54.34,88.8,40,0,58.5001
400,Ellsworth,US,1545845400,38.73,-98.23,51.8,100,90,100.0
401,Chumikan,RU,1545847149,54.72,135.31,2.31,58,80,322.5
402,Antsohihy,MG,1545847150,-14.88,47.99,75.3,96,88,314.0
403,Sabang,PH,1545847150,13.72,123.58,76.92,100,64,12.5001
404,Onokhoy,RU,1545845400,51.92,108.05,-31.01,73,8,290.0
405,Rengasdengklok,ID,1545847150,-6.16,107.3,79.98,100,56,253.5
406,Alcaniz,ES,1545847150,41.05,-0.13,37.14,94,36,355.0
407,Moncton,CA,1545843600,46.1,-64.8,19.4,44,20,260.0
408,Shihezi,CN,1545847151,44.3,86.03,0.69,71,80,54.5001
409,Kargasok,RU,1545847151,59.06,80.87,-37.52,0,0,105.5
410,Jalu,LY,1545847151,29.03,21.55,57.12,67,12,325.0
411,Evensk,RU,1545847151,61.92,159.24,11.22,100,56,20.5001
412,Vila Velha,BR,1545843600,-3.71,-38.6,86.0,62,40,100.0
413,La Ronge,CA,1545845940,55.1,-105.3,6.8,84,90,300.0
414,Petrovsk-Zabaykalskiy,RU,1545847152,51.27,108.84,-29.15,44,0,231.0
415,Opuwo,NA,1545847152,-18.06,13.84,71.57,76,56,299.0
416,Ostrovnoy,RU,1545847152,68.05,39.51,20.22,93,88,215.0
417,Nesebar,BG,1545845400,42.66,27.74,35.6,68,0,230.0
418,Perth,GB,1545844800,56.4,-3.43,48.2,93,40,260.0
419,Quang Ngai,VN,1545846990,15.12,108.8,69.41,97,92,322.5
420,Blackwater,GB,1545844800,51.33,-0.78,48.2,87,90,190.0
421,Filingue,NE,1545847152,14.35,3.32,73.23,31,0,32.0001
422,Tessalit,ML,1545847153,20.2,1.01,65.54,21,0,50.5001
423,Kimbe,PG,1545847153,-5.56,150.15,78.32,100,88,22.0001
424,Juxtlahuaca,MX,1545847153,17.43,-99.15,77.1,40,0,267.5
425,San Patricio,PY,1545847153,-26.98,-56.83,87.14,77,44,95.0001
426,Hokitika,NZ,1545847153,-42.72,170.96,57.84,100,24,241.5
427,Mexico,US,1545845700,44.56,-70.55,28.94,57,40,300.0
428,Ulaangom,MN,1545847154,49.98,92.07,-38.6,0,0,172.0
429,La Teste-de-Buch,FR,1545845400,44.62,-1.18,46.4,93,90,290.0
430,Sechura,PE,1545847154,-5.56,-80.82,81.02,70,0,197.0
431,Palmital,BR,1545847154,-22.79,-50.22,84.12,71,24,98.0001
432,Vila Franca do Campo,PT,1545843600,37.72,-25.43,62.6,82,20,200.0
433,Reconquista,AR,1545847155,-29.14,-59.64,92.99,68,0,44.0001
434,Katangli,RU,1545847155,51.71,143.23,16.08,100,80,251.0
435,Ugoofaaru,MV,1545847155,5.67,73.0,80.57,100,36,338.0
436,Price,US,1545843180,39.6,-110.81,30.92,75,0,310.0
437,Beipiao,CN,1545847155,41.8,120.76,-3.59,13,0,323.5
438,Alberton,ZA,1545843600,-26.25,28.13,84.2,28,92,40.0
439,Pareora,NZ,1545847156,-44.49,171.21,49.29,100,92,87.0001
440,Filadelfia,PY,1545847156,-22.35,-60.04,92.58,68,0,339.0
441,Alta Floresta,BR,1545847156,-9.87,-56.08,88.8,65,12,161.5
442,Foso,GH,1545847156,5.7,-1.29,87.59,49,92,151.0
443,Ergani,TR,1545844800,38.27,39.76,44.6,70,90,160.0
444,Aripuana,BR,1545847157,-9.17,-60.63,86.69,70,44,350.0
445,Sur,OM,1545847157,22.57,59.53,70.8,100,0,30.0001
446,Tubuala,PA,1545843600,9.52,-79.03,87.8,55,20,360.0
447,Nemuro,JP,1545847157,43.32,145.57,30.89,100,36,272.5
448,Creston,US,1545846780,41.06,-94.36,41.0,93,90,100.0
449,Turbat,PK,1545847158,26.0,63.05,51.18,22,0,16.0001
450,Tuatapere,NZ,1545847158,-46.13,167.69,52.76,100,68,275.5
451,Yuzhno-Sukhokumsk,RU,1545847158,44.66,45.65,31.83,89,56,272.5
452,Poum,MK,1545845400,41.28,20.71,28.4,68,20,30.0
453,Henties Bay,NA,1545847158,-22.12,14.28,66.17,89,36,192.5
454,Taksimo,RU,1545847009,56.36,114.84,-43.05,0,8,237.5
455,Wilmington,US,1545844500,39.75,-75.55,42.98,56,1,270.0
456,Grand-Santi,GF,1545847159,4.27,-54.38,72.42,100,100,70.5001
457,Yumen,CN,1545847159,40.29,97.04,-5.16,69,36,75.0001
458,Havre,US,1545843180,48.55,-109.68,24.08,87,90,250.0
459,La Asuncion,EC,1545843600,-1.64,-78.74,64.4,93,75,50.0
460,Dakar,SN,1545846970,14.69,-17.45,76.61,88,12,324.5
461,Sorland,NO,1545844800,67.67,12.69,39.2,100,75,110.0
462,Arlit,NE,1545847160,18.74,7.39,61.98,59,0,7.50012
463,Matadi,CD,1545847160,-5.83,13.46,82.91,71,88,243.0
464,Big Rapids,US,1545846900,43.7,-85.48,35.6,95,90,149.5
465,Taperoa,BR,1545847128,-7.21,-36.83,89.12,36,8,97.5001
466,Alofi,NU,1545843600,-19.06,-169.92,75.2,94,36,140.0
467,Port Hueneme,US,1545843420,34.15,-119.2,57.02,56,20,360.0
468,Urzicuta,RO,1545843600,44.02,23.55,35.6,80,12,270.0
469,Port Hedland,AU,1545845400,-20.31,118.58,80.6,83,12,270.0
470,Saint-Augustin,FR,1545845400,44.83,-0.61,46.4,93,0,110.0
471,Parry Sound,CA,1545847161,45.34,-80.04,20.58,68,20,350.0
472,Togur,RU,1545847161,58.36,82.83,-40.35,0,0,52.0001
473,Carutapera,BR,1545847161,-1.2,-46.02,85.92,69,0,71.5001
474,Colonial Park,US,1545843360,40.3,-76.81,42.98,52,1,280.0
475,Constitucion,MX,1545842460,23.99,-104.67,62.6,14,5,220.0
476,Chitipa,MW,1545847162,-9.7,33.27,66.93,92,48,126.0
477,Aklavik,CA,1545843600,68.22,-135.01,-22.01,67,5,90.0
478,Deputatskiy,RU,1545847162,69.3,139.9,-30.5,0,64,262.0
479,Mount Isa,AU,1545845400,-20.73,139.49,78.8,24,0,170.0
480,Ulagan,RU,1545847163,50.63,87.96,-38.64,0,0,128.0
481,Pleshanovo,RU,1545843600,57.46,28.17,32.0,88,48,310.0
482,Letlhakane,BW,1545847163,-21.42,25.59,87.54,29,68,118.0
483,Khandyga,RU,1545847163,62.65,135.58,-38.42,0,32,85.0001
484,Katsuyama,JP,1545843600,36.06,136.5,46.4,70,75,290.0
485,Broome,GB,1545844800,52.47,1.45,46.4,100,90,230.0
486,Millau,FR,1545845400,44.1,3.08,39.2,69,0,210.0
487,Eyrarbakki,IS,1545844260,63.86,-21.15,44.6,100,75,220.0
488,Tevaitoa,PF,1545847164,-16.78,-151.5,79.49,100,48,21.5001
489,Rome,IT,1545846600,41.89,12.48,48.2,52,0,90.0
490,Charlestown,US,1545845700,41.38,-71.64,39.92,57,75,280.0
491,Kalmunai,LK,1545847164,7.42,81.82,73.14,100,64,305.5
492,Jadu,LY,1545847164,31.95,12.03,47.54,75,56,24.0001
493,Berlevag,NO,1545841200,70.86,29.09,30.2,54,75,300.0
494,Paamiut,GL,1545847165,61.99,-49.67,30.03,91,0,114.5
495,Maraa,BR,1545847165,-1.83,-65.37,79.89,95,88,52.5001
496,Lena,US,1545846900,32.59,-89.61,62.96,67,1,130.0
497,Chauk,MM,1545847165,20.89,94.82,61.89,94,0,4.00012
498,Isangel,VU,1545847165,-19.55,169.27,79.17,100,88,112.5
499,Faanui,PF,1545847166,-16.48,-151.75,82.14,100,36,23.0001
500,Tazovskiy,RU,1545847166,67.47,78.7,-7.77,64,32,219.0
501,Athabasca,CA,1545846918,54.72,-113.29,-2.91,58,44,70.5001
502,Ongandjera,NA,1545847166,-17.88,15.07,72.47,73,44,278.0
503,Harper,US,1545845700,30.3,-99.24,68.0,93,90,150.0
504,Salalah,OM,1545843000,17.01,54.1,73.4,53,0,310.0
505,Huai Thalaeng,TH,1545843600,15.0,102.65,66.2,77,20,80.0001
506,Diu,IN,1545847167,20.71,70.98,51.86,49,0,9.50012
507,Ahipara,NZ,1545847167,-35.17,173.16,61.98,95,0,187.5
508,Sorsk,RU,1545847167,54.0,90.25,-33.6,0,0,91.0001
509,Port Blair,IN,1545847167,11.67,92.75,80.57,100,20,348.0
510,Edgewater,US,1545844500,28.99,-80.9,77.0,64,40,60.0
511,Kysyl-Syr,RU,1545847168,63.9,122.77,-23.52,35,80,267.5
512,Imperia,IT,1545843300,43.88,8.02,53.6,81,40,210.0
513,Grootfontein,NA,1545847168,-19.56,18.1,80.43,44,24,152.0
514,Mana,RS,1545845400,43.52,20.24,37.4,92,0,260.0
515,Lufilufi,WS,1545843600,-13.87,-171.6,75.2,94,75,100.0
516,Qaqortoq,GL,1545847169,60.72,-46.03,27.15,90,44,74.0001
517,Torres,BR,1545847169,-29.34,-49.73,74.94,87,80,42.5001
518,Chara,GR,1545844800,39.42,22.43,35.6,69,20,280.0
519,Chebsara,RU,1545845400,59.2,38.84,14.0,92,75,40.0
520,Oriximina,BR,1545847169,-1.77,-55.87,87.54,63,76,86.0001
521,Aswan,EG,1545843600,24.09,32.9,68.0,28,0,10.0
522,Klyuchi,RU,1545847170,52.25,79.17,-28.52,0,12,80.5001
523,Cortland,US,1545846780,42.6,-76.18,32.0,81,90,280.0
524,Chapleau,CA,1545843600,47.85,-83.4,14.0,78,75,330.0
525,Amahai,ID,1545847170,-3.31,129.0,80.52,100,92,263.0
526,Villefranche-sur-Saone,FR,1545845400,45.98,4.72,35.6,86,20,230.0
527,Batagay,RU,1545847171,67.65,134.64,-43.64,0,68,201.5
528,Magan,RU,1545845400,62.1,129.53,-34.61,73,0,240.0
529,Otradnoye,RU,1545845400,59.77,30.8,30.2,92,75,300.0
530,Kuching,MY,1545845400,1.56,110.34,75.2,94,75,190.0
531,Sola,FI,1545846600,62.78,29.36,23.0,92,90,320.0
532,Port Hawkesbury,CA,1545843600,45.62,-61.36,21.2,79,90,290.0
533,Hvide Sande,DK,1545844800,56.01,8.13,48.2,100,92,240.0
534,Malvern,GB,1545844800,52.12,-2.33,48.2,93,75,190.0
